P D 45 47 48 50 51 52 54 51   (7)
P D 23 26 27 30 30   (3)
P D 40 41 44 47 49 51 55   (6)
P D 12 15 18 19 26   (4)
F D 78 81 83 84 83 84   (6)
F D  5  7 10  7  4   (5)
F D 28 30 32 29 29   (5)
P D 65 68 70 73 76 78 75 79   (6)
F D  5  7  8  6  9 10 12 17   (8)
P D 63 64 64 67 68 71   (1)
F D 34 37 38 39 39 40 37   (7)
F D 72 74 74 75 76 77 77   (7)
F D 57 60 61 62 62 64 68   (7)
F D 12 14 15 16 16 23   (6)
F D 82 83 87 90 91 93 95 96   (8)
F D 25 27 31 32 29   (5)
F D 20 21 23 26 30 30   (6)
F D 34 37 38 42 45 47 51   (7)
F D 24 27 30 34 40   (5)
F D 10 13 15 16 18 20 26 27   (8)
F D 76 78 83 86 83   (5)
F D 49 51 56 59 60 62 62   (7)
F D 27 28 29 32 39 43   (6)
F D 55 56 62 63 66 73   (6)
P D 21 20 23 25 28 29 30   (0)
F D 79 77 80 83 85 86 87 86   (8)
F D 29 26 28 30 30   (5)
F D 48 47 50 53 55 57 59 63   (8)
F D 12 10 13 15 16 17 19 26   (8)
F D 50 49 51 52 50 52   (6)
F D 87 86 87 86 83   (5)
F D 60 59 60 59 61 61   (6)
F D 32 30 33 30 34   (5)
F D 44 41 39 40 41 48   (6)
F D 27 26 28 28 31 33   (6)
F D 16 13 16 16 17 19 21 19   (8)
F D 39 38 38 40 42 44 46 46   (8)
F D 57 56 58 59 61 64 64 68   (8)
F D 47 44 46 48 48 55   (6)
P D 16 15 19 22 23 25   (1)
F D 11  8  9 13 15 16 13   (7)
F D  4  2  6  8  9  9   (6)
F D 15 14 16 17 21 25   (6)
F D 37 34 38 39 41 46   (6)
F D 88 85 92 93 94   (5)
F D 83 81 83 85 91 93 91   (7)
F D 40 37 40 42 47 48 48   (7)
F D 72 69 70 72 74 80 81 85   (8)
F D 18 17 19 21 26 28 33   (7)
P D 39 39 42 43 46   (0)
F D 53 53 54 56 58 59 57   (7)
F D 80 80 81 84 84   (5)
F D 73 73 75 78 80 83 86 90   (8)
F D 74 74 77 79 80 86   (6)
F D 78 78 81 83 82 85   (6)
F D 24 24 22 24 22   (5)
F D 28 28 31 29 30 30   (6)
F D 62 62 65 63 64 68   (6)
F D 49 49 52 49 52 55 61   (7)
F D 85 85 85 87 89 90 92 95   (8)
F D  6  6  6  8  6   (5)
F D 75 75 75 78 81 84 85 85   (8)
F D 74 74 75 77 77 79 83   (7)
F D 21 21 22 22 28   (5)
F D 80 80 83 87 88 89   (6)
F D 66 66 68 72 74 72   (6)
F D 86 86 87 91 94 95 95   (7)
F D 62 62 65 68 71 75 76 80   (8)
F D 41 41 44 45 46 49 53 58   (8)
F D 31 31 34 35 36 38 44 46   (8)
F D 83 83 86 87 89 95 98 96   (8)
F D 31 31 32 35 41 41   (6)
F D 79 79 81 84 85 90 92 96   (8)
F D 69 69 75 77 78 85   (6)
P D 55 59 60 61 62 65   (0)
F D 81 85 86 88 87   (5)
F D 57 61 63 65 67 68 70 70   (8)
F D  3  7  9 12 16   (5)
F D 36 40 43 45 52   (5)
F D  2  6  7  9 10  9 11   (7)
F D 69 73 76 73 72   (5)
F D 54 58 61 64 62 63 63   (7)
F D 18 22 20 21 25   (5)
F D 55 59 57 60 67   (5)
F D 51 55 56 56 57   (5)
F D  6 10 13 13 12   (5)
F D 26 30 32 32 35 38 40 40   (8)
F D 54 58 58 59 63   (5)
F D 14 18 19 22 23 23 26 33   (8)
F D 45 49 52 55 59 60 63 66   (8)
F D 52 56 58 61 65 68 65   (7)
F D  1  5  7 11 12 12   (6)
F D 61 65 66 67 71 75   (6)
F D 62 66 70 73 78   (5)
F D 21 25 32 33 34 36 38   (7)
F D 56 60 61 64 70 73 71   (7)
F D 25 29 34 35 35   (5)
F D 31 35 41 44 47 51   (6)
F D  2  6  8 15 22   (5)
P D 53 60 61 63 66 67 68   (0)
F D 70 76 77 80 83 81   (6)
F D 10 17 19 21 23 25 25   (7)
F D  8 14 15 16 18 20 24   (7)
F D 42 47 49 52 54 55 57 62   (8)
F D  9 15 14 17 19 20 22   (7)
F D 14 21 20 22 20   (5)
F D 70 75 73 74 74   (5)
F D 86 91 90 92 96   (5)
F D 33 38 39 38 44   (5)
F D 73 79 80 80 82   (5)
F D 81 87 89 89 91 94 91   (7)
F D 63 70 70 72 72   (5)
F D 72 78 78 79 83   (5)
F D  8 15 15 17 19 25   (6)
F D 60 66 69 70 74 75 77 79   (8)
F D 19 24 25 29 28   (5)
F D 28 34 38 40 42 42   (6)
F D 24 31 34 35 39 43   (6)
F D 11 17 18 21 25 28 34   (7)
F D 63 69 76 77 78   (5)
F D 28 35 37 43 41   (5)
F D 71 78 79 84 85 87 90 90   (8)
F D 25 31 32 33 36 41 45   (7)
F D 36 41 42 43 48 53   (6)
P D 37 36 35 32 29 32   (5)
P D 25 23 20 17 16 13 13   (5)
P D 33 31 30 27 25 22 20 16   (7)
P D 47 45 43 41 39 33   (5)
F D 15 12 11  8 11 10   (6)
F D 63 60 58 59 58 57 56 57   (8)
F D  5  4  3  2  1  4  4   (7)
F D 58 56 53 50 49 51 50 46   (8)
F D 88 85 84 86 80   (5)
P D 47 46 45 45 43 41 39   (2)
F D 45 42 39 37 36 36 37   (7)
F D 69 68 67 66 65 62 62 62   (8)
F D 83 80 80 78 75 71   (6)
F D 37 35 32 29 29 28 23   (7)
F D 34 33 29 28 25   (5)
F D 51 48 46 42 40 42   (6)
F D 65 64 61 57 56 54 54   (7)
F D 52 49 45 44 41 37   (6)
F D 48 46 44 41 37 32   (6)
F D 59 56 55 52 51 44 42 40   (8)
F D 40 38 36 34 31 25 23 26   (8)
F D 93 91 88 83 83   (5)
F D 44 43 42 40 34 31 30 26   (8)
F D 86 84 83 77 72   (5)
P D 83 84 81 80 77 76 74 73   (0)
F D 14 15 14 13 11  8  7  9   (8)
F D 74 75 74 73 71 68 68   (7)
F D 52 53 52 49 47 46 42   (7)
F D 20 21 19 18 17 16 11   (7)
F D 63 65 64 61 64 63   (6)
F D 62 64 63 60 62 64   (6)
F D 36 37 35 36 33 31 31   (7)
F D 70 72 73 72 70 68 65 61   (8)
F D 30 31 33 32 26   (5)
F D 14 17 17 15 14 13 11   (7)
F D 28 31 31 29 28 31   (6)
F D 33 36 36 35 33 32 32   (7)
F D 79 81 81 78 75 74 73 69   (8)
F D 78 80 80 79 78 72   (6)
F D 71 72 71 67 64 63 60   (7)
F D 81 82 81 80 76 79   (6)
F D 62 63 59 58 57 57   (6)
F D 82 84 83 81 78 77 73 69   (8)
F D 76 78 74 71 65   (5)
F D 56 57 50 48 46 44 43 40   (8)
F D 96 97 95 92 90 84 81 84   (8)
F D 70 73 66 65 64 61 58 58   (8)
F D 34 35 28 27 26 25 21   (7)
F D 47 49 46 44 41 34 33 27   (8)
P D 97 97 95 92 90 88 87   (0)
F D 47 47 45 42 44   (5)
F D 70 70 69 68 65 64 64   (7)
F D 13 13 10  7  3   (5)
F D 83 83 80 78 77 72   (6)
F D 14 14 17 16 13 11 10   (7)
F D 76 76 74 77 74 72 71 73   (8)
F D 31 31 29 28 26 27 27   (7)
F D 80 80 77 79 76 73 71 67   (8)
F D 19 19 17 20 19 12   (6)
F D 28 28 25 23 23 20 18 17   (8)
F D 86 86 84 81 78 78 79   (7)
F D 36 36 34 34 31 30 30   (7)
F D 75 75 75 74 72 71 67   (7)
F D 55 55 55 52 47   (5)
F D 64 64 60 57 56   (5)
F D 80 80 76 75 74 72 73   (7)
F D 56 56 52 49 49   (5)
F D 31 31 28 24 20   (5)
F D 68 68 67 63 61 60 53   (7)
F D 43 43 38 36 33 32   (6)
F D 72 72 70 64 66   (5)
F D 40 40 38 32 30 30   (6)
F D 37 37 34 33 31 25 24 20   (8)
F D 62 62 60 55 50   (5)
P D 30 26 23 22 19 17   (0)
F D 94 90 87 85 83 81 78 81   (8)
F D 62 58 55 53 52 52   (6)
F D 90 86 84 83 80 76   (6)
F D 98 94 92 90 85   (5)
F D 47 43 40 38 37 40 39   (7)
F D 39 35 37 36 37   (5)
F D 76 72 69 68 65 64 65 65   (8)
F D 26 22 19 17 19 18 16 12   (8)
F D 42 38 36 39 34   (5)
F D 93 89 86 86 85 82 81   (7)
F D 47 43 40 38 37 34 34 36   (8)
F D 63 59 59 56 56   (5)
F D 70 66 65 63 63 60 56   (7)
F D 95 91 88 86 86 85 78   (7)
F D 43 39 36 32 30   (5)
F D 22 18 15 12  8  7  8   (7)
F D 78 74 73 70 66 64 61 61   (8)
F D 37 33 32 28 27 24 23 19   (8)
F D 30 26 25 22 18 16  9   (7)
F D 75 71 66 64 62 59 56 55   (8)
F D 50 46 45 44 38 35 32 35   (8)
F D 82 78 77 76 69 67 67   (7)
F D 64 60 53 50 48 47 45 41   (8)
F D 90 86 84 83 82 77 76 69   (8)
P D 54 49 48 45 42 40 39 38   (0)
F D 76 70 69 66 65 64 62 64   (8)
F D 12  5  4  3  2  2   (6)
F D 49 43 41 38 37 34 30   (7)
F D 95 90 89 86 85 80   (6)
F D 82 77 74 72 71 73 70 68   (8)
F D 50 44 43 42 40 38 40 42   (8)
F D 51 44 42 45 45   (5)
F D 22 15 17 15 11   (5)
F D 32 26 25 27 26 23 17   (7)
F D 32 27 27 25 22   (5)
F D 43 36 36 33 35   (5)
F D 74 68 66 63 63 60 57 57   (8)
F D 45 40 38 38 35 31   (6)
F D 64 57 56 53 53 50 49 42   (8)
F D 92 87 83 82 79   (5)
F D 55 49 47 44 40 43   (6)
F D 34 27 26 24 22 18 18   (7)
F D 95 88 85 84 80 76   (6)
F D 76 71 67 64 62 56   (6)
F D 68 62 60 59 52 50 47   (7)
F D 28 22 19 13 10 13   (6)
F D 90 85 84 77 74 72 72   (7)
F D 81 75 70 69 66 63 62 58   (8)
F D 68 62 57 56 55 54 52 46   (8)
F D 73 76 79 77 76 73 72 72   (8)
F D 97 97 95 94 94 93 90   (7)
F D 67 68 62 60 57 56 58   (7)
F D 41 45 47 50 51 54 56 60   (8)
F D 75 75 75 76 73   (5)
F D 84 84 81 83 86 90   (6)
F D 11 11  6  5  1   (5)
F D 27 27 30 32 36 38 43   (7)
F D 57 53 51 50 48 44 44   (7)
F D 39 32 31 30 29 30 31   (7)
F D 89 93 94 94 96   (5)
F D 56 63 70 73 75 78 75   (7)
F D 48 46 48 52 52   (5)
F D 31 35 35 38 41 44 47 51   (8)
F D 96 92 89 92 88   (5)
F D 23 27 26 29 34   (5)
F D 45 41 40 39 40 38 32   (7)
F D 36 36 38 42 44 46   (6)
F D 66 65 66 69 70 72 77   (7)
F D 13 13 16 15 15   (5)
F D 78 76 78 79 86 87 85   (7)
F D 10 10  7  3  1   (5)
F D 52 49 51 56 60   (5)
F D  3  5  8  9 16 19 23   (7)
F D 13 18 22 23 23   (5)
F D 45 45 43 42 45 42   (6)
F D 73 66 65 63 66 63 57   (7)
F D 26 27 26 25 21 18 14   (7)
F D 28 28 29 31 33 39   (6)
F D 91 92 89 87 82 81 78 74   (8)
F D 88 88 91 91 94 95 95   (7)
P D 66 65 64 62 61 58 58 57   (5)
F D 50 45 44 38 36 39   (6)
F D 22 15 13 11  7   (5)
F D 39 38 37 40 45   (5)
F D 74 70 65 63 60 57 57   (7)
F D 26 22 21 21 20 19 19   (7)
F D 55 52 50 46 43 36   (6)
P D 77 76 74 75 71   (3)
F D 27 25 25 28 30 33 36 36   (8)
F D 67 67 68 70 71 72 75 75   (8)
F D 95 91 88 87 89 86 84 83   (8)
P D  6  5  9 11 13 14 15   (1)
F D 25 25 22 20 19 22   (6)
F D 80 76 74 73 72 72 67   (7)
F D 51 51 48 47 47 47   (6)
F D 23 16 13 11 10 10  7  9   (8)
F D 27 31 34 36 37 42   (6)
P D 72 73 76 79 81 80 84   (5)
P D  7  4  6  7  8 10 13 15   (0)
F D 19 21 19 15 18   (5)
F D 75 73 68 67 64 65   (6)
F D 85 81 78 77 76 72 71 69   (8)
F D 66 68 70 69 71 74 75 74   (8)
F D 28 27 24 26 29   (5)
F D 78 74 72 70 68 65 58   (7)
F D 91 84 82 78 77   (5)
F D 49 53 52 55 55   (5)
P D 52 54 57 60 63 62 64   (4)
F D 33 33 30 28 25 22 18 14   (8)
F D 99 98 94 91 88 85 83 83   (8)
F D 62 64 70 72 79   (5)
F D 28 28 30 31 31 32 36   (7)
F D 83 79 74 73 72 69   (6)
F D 49 53 57 60 61 62 63   (7)
F D 50 56 57 63 65 67 68 72   (8)
F D 77 84 81 84 81   (5)
F D 40 43 45 42 38   (5)
F D 58 61 64 71 73   (5)
F D 54 58 61 62 65 68 68 74   (8)
F D  7  8 11 14 18 21 23   (7)
P D 13 10  9  8  7  6  6   (5)
F D 38 41 39 37 34 30 29 26   (8)
F D 49 55 57 54 55 55   (6)
F D 78 75 76 75 75   (5)
F D  4  8 10 13 14 15 15   (7)
F D 79 84 85 88 89 89 86   (7)
F D 91 90 93 90 93 97   (6)
F D 33 32 33 38 40 41   (6)
F D 13 15 12 14  9   (5)
F D 48 46 48 49 54 54   (6)
F D 34 35 35 33 29   (5)
F D 38 40 41 45 50   (5)
F D 51 55 56 60 63 67   (6)
F D 30 33 35 38 39 42 42 48   (8)
P D 70 74 77 80 81   (0)
F D 14 12 14 11 13   (5)
P D 53 58 61 62 63   (0)
F D 13 13 12  9  6  5  5   (7)
P U 56 59 60 63 65 66 68   (-1)
P U 16 14 11  9  7  4  1   (-1)
P U 82 80 78 77 76 75 73   (-1)
P U 33 32 30 28 26 24 23 21   (-1)
P U 40 41 44 47 50 51 53   (-1)
P U 22 25 26 27 28   (-1)
P U 73 71 70 67 65   (-1)
P U 37 36 35 34 32 31   (-1)
P U 72 70 67 64 61 60 59   (-1)
P U  6  9 11 12 15 18 20 22   (-1)
P U 81 83 84 86 88 90   (-1)
P U 12 13 16 19 20 23   (-1)
P U 62 64 67 69 72 75   (-1)
P U 19 17 16 14 12   (-1)
P U 76 74 73 70 68 67 66 63   (-1)
P U 90 89 86 85 83 81   (-1)
P U 13 16 19 21 22 25 26 29   (-1)
P U 22 23 24 26 27 30 31   (-1)
P U 28 26 25 23 21 20 17 14   (-1)
P U 65 64 61 60 57   (-1)
P U 20 23 24 26 27 28 30   (-1)
P U 65 63 60 59 57 55   (-1)
P U 57 56 55 54 53   (-1)
P U 13 16 18 21 24 27   (-1)
P U 58 55 53 51 50   (-1)
P U 36 34 32 29 26 24   (-1)
P U 82 79 77 76 73   (-1)
P U 43 46 49 51 54 55   (-1)
P U 29 28 25 24 21 20 19   (-1)
P U 56 59 62 64 66   (-1)
P U 48 45 42 41 38 35   (-1)
P U 35 34 31 28 26 23   (-1)
P U 44 43 41 40 37 34 31 30   (-1)
P U 43 46 49 52 53 54 55 57   (-1)
P U 63 64 66 68 71   (-1)
P U 92 90 88 87 85 84 81 80   (-1)
P U 62 64 65 68 70 72 74 77   (-1)
P U 48 50 51 52 54 57 58   (-1)
P U 21 24 26 29 32 33 36 39   (-1)
P U 83 81 79 78 75   (-1)
P U  6  9 10 11 14 16 17   (-1)
P U 22 21 18 17 15   (-1)
P U 18 17 14 11 10  8   (-1)
P U 83 84 85 88 91   (-1)
P U 32 31 30 28 25 23   (-1)
P U 28 30 33 36 38 39 40   (-1)
P U 21 19 16 15 12 10  7   (-1)
P U 13 15 16 19 21 24 27   (-1)
P U 17 15 13 12  9   (-1)
P U 61 62 65 66 68   (-1)
P U 32 30 29 26 25 23   (-1)
P U 69 68 65 64 62   (-1)
P U 66 68 69 70 72   (-1)
P U 69 66 65 63 60 57 54   (-1)
P U 50 48 45 42 39   (-1)
P U 12 15 18 19 20 21 24   (-1)
P U 87 85 83 82 81 78   (-1)
P U 56 57 60 61 64 66   (-1)
P U 58 60 61 63 64   (-1)
P U 23 26 28 29 31 34   (-1)
P U  6  7  8  9 12 14   (-1)
P U 66 69 70 73 76   (-1)
P U 68 71 72 74 75 78 81   (-1)
P U 27 26 23 21 19   (-1)
P U 25 26 29 31 33 36 38   (-1)
P U  4  6  8 11 14 17 18 21   (-1)
P U 41 43 45 46 47 50 53 54   (-1)
P U 16 18 21 24 26 28 29   (-1)
P U 59 56 55 53 50 48 47   (-1)
P U 88 85 84 81 80 77   (-1)
P U  8  9 12 14 17 19   (-1)
P U  9 10 12 15 17 18   (-1)
P U 69 67 66 63 60 58 55   (-1)
P U 61 63 66 67 69   (-1)
P U 74 73 71 68 65   (-1)
P U  4  5  8 10 13   (-1)
P U 47 45 42 41 39   (-1)
P U 11 13 15 17 20 23 25   (-1)
P U 69 70 72 73 75 76   (-1)
P U 89 90 91 93 94 97   (-1)
P U 32 29 28 27 26 25   (-1)
P U 13 11  8  5  4  2   (-1)
P U 32 33 36 39 42 45 47   (-1)
P U 54 52 50 48 46 44 43   (-1)
P U 17 16 15 13 10  7  4  3   (-1)
P U 52 49 48 47 46 44 41   (-1)
P U 18 21 23 24 27   (-1)
P U 80 81 83 84 85   (-1)
P U 76 74 71 68 67   (-1)
P U 32 34 35 37 40   (-1)
P U 10 13 15 18 20 21   (-1)
P U 52 55 57 60 63 65   (-1)
P U 30 31 33 35 38   (-1)
P U 52 50 47 46 44 43   (-1)
P U 19 22 25 28 30 33 36 38   (-1)
P U 76 79 81 82 84 85 88   (-1)
P U 67 65 63 62 60 59 57 54   (-1)
P U 26 23 20 19 18 17   (-1)
P U 83 84 85 87 89   (-1)
P U 16 17 19 22 24 26 27   (-1)
P U 53 54 56 58 60 63 64 65   (-1)
P U 42 44 47 48 49 51 52   (-1)
P U 31 28 27 25 22   (-1)
P U 21 18 17 16 15 12 10  8   (-1)
P U 41 43 44 46 47 48 49 52   (-1)
P U 40 42 45 48 49 50 51   (-1)
P U 31 29 26 23 21 18 16   (-1)
P U  9 11 13 14 16 18 20   (-1)
P U 21 18 15 13 10   (-1)
P U 91 90 88 87 85 84   (-1)
P U 57 60 63 66 68 69   (-1)
P U 30 31 33 34 35   (-1)
P U 62 61 60 58 57 55   (-1)
P U 41 44 45 46 49 51   (-1)
P U 66 68 70 73 75 76 79   (-1)
P U 60 61 63 64 66 68 71   (-1)
P U 35 32 30 29 27 24   (-1)
P U 21 22 24 25 26 27 28   (-1)
P U 53 54 56 58 59   (-1)
P U 14 17 18 20 21 24 26 27   (-1)
P U 13 12  9  8  7   (-1)
P U 65 66 67 68 71 72 75   (-1)
P U 50 52 54 55 57 59   (-1)
P U 15 13 11  9  8  5   (-1)
P U  9 10 12 13 16   (-1)
P U 21 19 17 16 13 10  7  6   (-1)
P U 84 83 80 77 75 72 70 68   (-1)
P U 41 40 37 34 32 30   (-1)
P U 19 16 15 12  9  8   (-1)
P U 42 45 47 50 52 55 57   (-1)
P U 65 64 61 60 59   (-1)
P U 93 91 90 89 88   (-1)
P U  4  5  7  8  9 11 13   (-1)
P U 75 74 72 70 68 67 65   (-1)
P U 36 37 38 39 41   (-1)
P U 29 32 35 38 41 44 47   (-1)
P U 50 51 54 56 58 61   (-1)
P U 76 75 72 69 67 65 63   (-1)
P U 75 78 81 83 85   (-1)
P U 60 62 63 65 67 70 71   (-1)
P U 88 86 83 80 79 78   (-1)
P U 63 62 59 56 53 52   (-1)
P U 14 16 18 19 21 22 23   (-1)
P U 50 52 55 58 60 61 64 65   (-1)
P U 50 49 48 47 45 43 41 40   (-1)
P U 37 39 41 42 43 45 47 48   (-1)
P U 93 90 88 86 84 81   (-1)
P U 44 46 48 50 53   (-1)
P U 18 20 23 24 26 29 31   (-1)
P U 31 33 34 37 40 41 44 47   (-1)
P U 26 29 30 32 34 36   (-1)
P U 68 70 71 74 76 77   (-1)
P U 65 64 63 62 60 59 57 56   (-1)
P U  3  5  8 11 13 16   (-1)
P U 37 36 34 33 32 30 29   (-1)
P U 85 82 80 78 75 73 71 69   (-1)
P U 91 90 88 86 83   (-1)
P U 65 62 61 58 57 55 53 51   (-1)
P U 56 57 60 62 64   (-1)
P U  2  3  5  6  7 10 13   (-1)
P U 63 62 61 60 58 55   (-1)
P U  7  9 11 13 14   (-1)
P U 58 55 52 51 50   (-1)
P U 30 31 32 34 37 40 43 44   (-1)
P U 57 58 59 62 64 66 68   (-1)
P U 65 64 62 60 57   (-1)
P U 65 62 61 59 57 55 53   (-1)
P U 21 18 16 13 12   (-1)
P U 48 47 46 45 42 41 38 36   (-1)
P U 40 39 37 36 34 31 28   (-1)
P U 84 85 87 88 90 91 92 94   (-1)
P U 58 57 55 54 51 49 47 44   (-1)
P U 41 43 46 49 51 54   (-1)
P U 84 85 88 91 92 93 95 96   (-1)
P U 16 15 12 11  8  7  4   (-1)
P U 52 54 57 58 60   (-1)
P U 48 45 43 40 38 37 36 33   (-1)
P U 91 88 87 84 82 79   (-1)
P U 88 85 82 81 80 79 76   (-1)
P U 45 46 48 51 53 56 57   (-1)
P U 43 44 45 47 50 51 52 53   (-1)
P U 61 60 57 54 52 50 48   (-1)
P U 89 88 86 85 82 79 76   (-1)
P U 81 79 76 73 70 68 66 63   (-1)
P U 84 87 88 90 91 93   (-1)
P U 42 41 38 36 33 30 27   (-1)
P U 49 50 53 54 57 58 59 62   (-1)
P U 39 41 43 46 47 48 51 53   (-1)
P U 85 86 88 91 92 93 95 98   (-1)
P U 90 87 84 81 80 77   (-1)
P U 64 63 62 59 57   (-1)
P U 71 72 73 76 78 79 81   (-1)
P U 43 41 38 37 36   (-1)
P U 56 57 59 60 62 65 68 71   (-1)
P U 45 43 40 39 37 34 31 29   (-1)
P U 30 32 35 36 38 40   (-1)
P U 90 87 85 84 83   (-1)
P U  1  3  6  8  9 10 12 13   (-1)
P U 52 54 56 57 58 61 64 65   (-1)
P U 69 66 64 62 61 58 57   (-1)
P U 89 91 92 94 96 98   (-1)
P U 69 72 73 75 77   (-1)
P U 76 73 70 69 66   (-1)
P U 54 56 58 59 61 64 67   (-1)
P U 34 33 31 30 29 28 27 26   (-1)
P U 48 47 45 42 40 37   (-1)
P U 69 72 74 75 78 81 83 85   (-1)
P U 31 33 36 37 38   (-1)
P U 43 45 46 49 52   (-1)
P U 38 41 42 43 45   (-1)
P U 76 79 82 83 85   (-1)
P U 55 53 51 50 49 48   (-1)
P U 17 18 21 24 27 30 33 35   (-1)
P U 42 40 39 38 35 32 30   (-1)
P U 33 30 28 26 25 22   (-1)
P U 34 32 29 27 25 23   (-1)
P U 12 13 15 18 19 21 23   (-1)
P U 33 35 36 38 41 44 46   (-1)
P U 42 43 44 45 47   (-1)
P U 18 20 21 23 25   (-1)
P U 27 30 33 34 35 36 38   (-1)
P U 28 26 23 22 20 17 15 14   (-1)
P U 84 83 82 80 78 75 72 69   (-1)
P U 17 18 19 20 22 25 27   (-1)
P U 68 71 73 74 75 78 81 84   (-1)
P U 69 66 65 63 60   (-1)
P U 50 52 54 55 56 57 60   (-1)
P U 10 12 14 16 17 18 21 24   (-1)
P U 72 74 75 78 79 81 84 87   (-1)
P U 77 74 73 71 68 66 64   (-1)
P U 75 72 69 66 65 64 62 59   (-1)
P U 90 87 84 83 80 79   (-1)
P U 60 63 66 68 69 72   (-1)
P U 35 37 40 42 44 46 48 50   (-1)
P U 61 60 57 54 51   (-1)
P U 12 11  8  7  4  1   (-1)
P U 15 18 20 21 22 24 25 28   (-1)
P U  4  5  7  9 10 11 13 16   (-1)
P U 98 97 94 93 91 90   (-1)
P U 34 35 37 40 42 43 46 48   (-1)
P U 14 16 18 19 21 22 24   (-1)
P U 71 72 75 78 80 82   (-1)
P U 49 47 45 44 41 40   (-1)
P U 85 86 88 89 90 93 94 96   (-1)
P U 81 78 76 74 73 72   (-1)
P U 63 65 68 70 71   (-1)
P U 62 63 64 67 70 71 74   (-1)
P U 78 76 73 70 67   (-1)
P U 59 58 55 53 52 51   (-1)
P U 52 50 49 46 45 44 41   (-1)
P U 81 78 75 74 72 70   (-1)
P U 28 31 33 35 37   (-1)
P U 50 53 56 58 59 60   (-1)
P U 36 33 30 28 27 24   (-1)
P U 92 89 86 83 82 81 78 75   (-1)
P U 35 33 32 30 27   (-1)
P U  2  3  6  7 10 11 14 15   (-1)
P U 21 22 23 26 29 31   (-1)
P U 31 28 27 24 21 18   (-1)
P U 17 14 12 11  8  6   (-1)
P U 71 70 69 66 65 62 61 59   (-1)
P U 90 89 88 86 85 83 82 80   (-1)
P U  9 12 14 16 18 21 23   (-1)
P U 46 48 51 53 54   (-1)
P U 71 69 66 63 61 60 57   (-1)
P U 85 82 80 77 75 74 73   (-1)
P U 51 52 55 57 59 62 64 65   (-1)
P U 66 65 64 63 60   (-1)
P U 54 57 59 62 63   (-1)
P U 10  9  8  7  4  2   (-1)
P U 53 50 48 47 46 43 41   (-1)
P U 77 80 83 84 87 88 91   (-1)
P U 78 81 84 85 86 88 91 94   (-1)
P U 31 29 28 27 25 23 21   (-1)
P U  6  8 10 13 14   (-1)
P U 27 24 21 20 19   (-1)
P U 16 14 12  9  7   (-1)
P U 18 19 20 23 25 26 29   (-1)
P U 26 28 29 32 34 35 38   (-1)
P U 26 25 23 22 20 18   (-1)
P U 28 31 32 35 36 37 38   (-1)
P U  1  4  6  9 12 13 15 16   (-1)
P U 52 49 48 46 43 40   (-1)
P U 76 77 80 82 85 87 90 91   (-1)
P U 41 44 47 48 51 53 55   (-1)
P U 56 55 53 51 49 47   (-1)
P U 75 72 70 69 67   (-1)
P U 78 81 82 83 85 87 89 90   (-1)
P U 20 17 14 12 10  7  6   (-1)
P U 80 79 77 76 74 73   (-1)
P U 32 33 36 39 42   (-1)
P U 59 62 64 66 67 70   (-1)
P U 33 36 37 38 39 40   (-1)
P U  1  2  4  6  8  9 12   (-1)
P U 25 27 30 32 33 34 36   (-1)
P U 17 18 19 21 23 24 26   (-1)
P U 33 36 39 42 43 44 46 48   (-1)
P U 12 10  9  7  4   (-1)
P U 79 76 74 71 70 69   (-1)
P U 87 84 83 81 80   (-1)
P U 36 35 34 33 31 30 27 24   (-1)
P U 42 41 40 39 37 36 33 32   (-1)
P U 43 41 40 39 38 37 36 33   (-1)
P U 50 51 53 54 57   (-1)
P U 64 67 68 69 71   (-1)
P U 75 76 79 81 83   (-1)
P U 62 65 66 67 70 72 73   (-1)
P U 53 52 50 47 45   (-1)
P U 26 23 21 20 19 16 15 13   (-1)
P U 59 61 64 65 68 70 72   (-1)
P U 69 72 73 76 79   (-1)
P U 54 55 57 59 60   (-1)
P U 38 39 40 42 43 46 49   (-1)
P U 76 77 79 81 82 84 86 89   (-1)
P U 83 86 87 90 93 94 96 98   (-1)
P U 29 31 34 37 40 42 44 46   (-1)
P U 64 63 60 57 55 52   (-1)
P U  1  4  6  8 11 14 17 20   (-1)
P U 39 40 42 43 46   (-1)
P U 70 72 73 74 75 77 80 82   (-1)
P U 18 19 20 22 25 28 31   (-1)
P U  1  3  5  6  8 10 11 13   (-1)
P U 55 53 50 47 44 43 40 37   (-1)
P U 92 90 87 86 85 82 81 78   (-1)
P U 73 72 70 67 64 63 61   (-1)
P U 82 81 79 78 77   (-1)
P U 37 35 34 32 31 28 27 26   (-1)
P U 85 88 89 92 94 97   (-1)
P U 87 84 83 80 78 75   (-1)
P U 18 15 13 10  8  5  2   (-1)
P U  3  6  7 10 13 15 18 21   (-1)
P U 96 94 92 89 87   (-1)
P U 48 46 45 44 41 40 38   (-1)
P U  1  2  3  4  7  8   (-1)
P U 25 27 28 30 31 34 35   (-1)
P U 97 94 92 89 86   (-1)
P U 79 76 74 73 70   (-1)
P U 58 55 52 51 48 46 44 42   (-1)
P U 85 84 83 81 78 75 74   (-1)
P U 57 59 60 63 66   (-1)
P U 75 78 79 82 84 87   (-1)
P U 90 89 86 84 81 78 76   (-1)
P U 60 62 64 65 67   (-1)
P U 28 29 31 33 36 38 40   (-1)
P U 78 75 72 71 68 66 64   (-1)
P U 76 74 73 71 68 67   (-1)
P U 57 55 54 53 51 49 47 44   (-1)
P U 73 75 78 80 81 84 85 86   (-1)
P U 82 84 87 88 91 94 95 97   (-1)
P U 74 76 77 80 81 84 85 86   (-1)
P U 20 21 23 25 28 29 31   (-1)
P U 10 13 15 17 20 23 25 28   (-1)
P U 38 41 42 45 48 51   (-1)
P U 22 21 19 17 16 15 12   (-1)
P U 60 59 56 53 50 48 47 45   (-1)
P U 54 56 58 60 61 63   (-1)
P U 37 38 39 41 43 44 46   (-1)
P U 97 95 92 89 87   (-1)
P U 75 78 80 83 85 87   (-1)
P U 68 71 74 76 78 79 80   (-1)
P U 55 54 53 51 48   (-1)
P U 52 55 58 60 62   (-1)
P U 40 41 44 46 49 52 55   (-1)
P U 39 41 43 44 46   (-1)
P U 36 34 33 31 30 28   (-1)
P U 44 47 48 51 52   (-1)
P U 38 35 34 33 31 30   (-1)
P U 49 48 45 44 41 40   (-1)
P U 23 26 27 28 31 33 35   (-1)
P U 58 57 55 53 50   (-1)
P U 39 41 43 44 47 50 52   (-1)
P U 74 72 70 68 67   (-1)
P U  8  9 12 15 16 19 22 24   (-1)
P U 44 45 48 51 52 54 56 58   (-1)
P U 25 22 19 18 17 14   (-1)
P U 51 53 56 57 58   (-1)
P U 21 19 18 15 14 12  9  7   (-1)
P U 57 55 54 53 50   (-1)
P U 22 21 18 16 13 11  8   (-1)
P U 84 83 80 78 76 75 72   (-1)
P U 32 30 29 27 24 21 18 17   (-1)
P U 28 29 30 32 35 38 39   (-1)
P U 69 71 74 76 77 79 80 81   (-1)
P U 74 71 68 66 64   (-1)
P U 70 69 68 66 65   (-1)
P U 39 37 34 33 30   (-1)
P U 85 86 88 89 90 91 92 94   (-1)
P U 75 72 69 67 64 61 58   (-1)
P U 56 59 61 63 64 66   (-1)
P U 88 85 84 81 78 75 73 71   (-1)
P U 54 57 58 60 62 63 64   (-1)
P U 56 54 52 51 48   (-1)
P U 36 38 40 41 44   (-1)
P U 74 71 69 66 63   (-1)
P U 85 86 88 89 91   (-1)
P U 38 37 36 35 34   (-1)
P U 40 39 38 37 34 32 30   (-1)
P U 72 69 67 66 63 60 59 57   (-1)
P U 38 35 34 32 29 28 25 22   (-1)
P U 30 32 33 36 39 40   (-1)
P U 62 65 66 69 70 72 75 77   (-1)
P U 41 40 38 37 34 33 30   (-1)
P U 14 11  9  8  7  4  3  2   (-1)
P U 40 38 37 35 34 31   (-1)
P U 93 92 90 88 85 82 79 78   (-1)
P U 80 79 76 74 71 68 65   (-1)
P U 56 58 60 61 63 66   (-1)
P U 10 13 16 18 20 22   (-1)
P U  6  7  9 11 13 14   (-1)
P U 97 96 95 93 90   (-1)
P U 17 19 22 24 26 29 30   (-1)
P U 74 73 70 69 66   (-1)
P U 39 41 42 44 46   (-1)
P U 47 44 41 40 38 36 33   (-1)
P U 77 78 81 82 85 87 88   (-1)
P U 85 82 81 78 77 74   (-1)
P U 60 57 55 54 53   (-1)
P U 59 60 61 64 67 70   (-1)
P U 65 67 68 70 73 76 77   (-1)
P U 99 98 97 96 93 90   (-1)
P U 97 94 91 88 85 83   (-1)
P U 74 72 69 67 65 62 61 59   (-1)
P U 23 24 26 27 30 32   (-1)
P U 39 36 35 34 31   (-1)
P U 16 13 11  8  6   (-1)
P U 34 36 39 42 44   (-1)
P U 81 78 75 73 71 68   (-1)
P U 14 11  9  8  7  6   (-1)
P U 89 90 91 93 96 97   (-1)
P U 45 47 49 50 53 56 58   (-1)
P U  8 11 12 15 16 19 20   (-1)
P U 74 77 79 80 83 84   (-1)
P U 55 54 53 52 51   (-1)
P U 36 33 32 30 29 28   (-1)
P U 77 76 73 70 68 66   (-1)
P U 74 75 78 81 84   (-1)
P U 34 32 31 30 27 26 25 24   (-1)
P U 11  9  6  3  1   (-1)
P U 74 71 68 67 64 63 60   (-1)
P U 62 65 67 68 71   (-1)
P U 52 53 55 56 58 61   (-1)
P U 11 13 16 17 18   (-1)
P U 77 76 74 73 71 70 67 65   (-1)
P U 54 51 49 48 47 45 43 40   (-1)
P U 17 14 12 11  9   (-1)
P U 74 73 70 68 66   (-1)
P U 36 39 40 43 46 47 50 52   (-1)
P U 92 91 89 87 86   (-1)
P U 79 76 75 72 71   (-1)
P U 98 95 93 92 89 87 85 83   (-1)
P U  7  8  9 12 15 17   (-1)
P U 39 40 43 44 45 47 48   (-1)
P U 60 59 57 56 53 52 50   (-1)
P U 28 27 26 23 21 19 18   (-1)
P U 40 42 44 46 48 50 51 54   (-1)
P U 15 14 11 10  7  6  3   (-1)
P U 23 26 28 30 33 36 37   (-1)
P U 15 16 17 19 20 21 24 27   (-1)
P U 43 42 41 38 37 34   (-1)
P U 52 55 58 61 63 64   (-1)
P U 76 75 72 71 68 65 63 60   (-1)
P U 52 50 49 48 47 45   (-1)
P U 68 70 71 74 77   (-1)
P U 58 59 60 63 65   (-1)
P U 56 54 53 51 49 48 46   (-1)
P U 62 65 66 67 68 69 70 73   (-1)
P U 11 10  9  8  7  5  2  1   (-1)
P U 43 40 38 35 33 30   (-1)
P U 77 79 80 83 85 87 88 91   (-1)
P U 16 14 11 10  7   (-1)
P U 69 68 66 65 62   (-1)
P U 76 77 79 82 85 86 87   (-1)
P U 17 15 13 10  8   (-1)
P U 81 83 86 88 91   (-1)
P U 42 40 39 36 33 30   (-1)
P U 38 36 35 32 31   (-1)
P U 47 46 45 43 41   (-1)
P U 95 94 91 90 88   (-1)
P U  5  6  7 10 13   (-1)
P U 41 40 39 36 35   (-1)
P U 65 62 61 58 57 56   (-1)
P U 13 10  7  5  4   (-1)
P U 69 72 73 76 78   (-1)
P U 15 17 20 22 25 26 27 29   (-1)
P U  5  7  8  9 11   (-1)
P U 39 36 33 30 27 25 23 21   (-1)
P U 73 70 69 67 64 63 62   (-1)
P U 32 35 38 41 42 44   (-1)
P U 79 80 83 86 89 92 93 96   (-1)
P U 43 41 38 36 35 32 30 27   (-1)
P U 48 49 50 53 54 57 59   (-1)
P U 32 29 27 26 23   (-1)
P U 92 91 90 89 87 85 82   (-1)
P U 22 24 25 27 28 29 30 33   (-1)
P U 20 22 23 25 27   (-1)
P U 71 69 66 65 63   (-1)
P U 43 41 38 35 32 29   (-1)
P U 71 69 67 64 62 59 58 56   (-1)
P U 61 59 57 55 52 50 48   (-1)
P U 57 56 53 50 49 48   (-1)
P U 78 77 75 74 73 71 68 67   (-1)
P U 85 82 80 78 77 74 73   (-1)
P U 18 20 22 25 27 28   (-1)
P U 40 41 42 45 46 49 51 54   (-1)
P U 23 20 17 16 13   (-1)
P U 72 74 75 78 79 82 85 88   (-1)
P U 39 42 45 47 50 51 53 54   (-1)
P U 31 32 33 36 38 41 44 46   (-1)
P U 30 29 27 26 24 23 22 19   (-1)
P U 45 42 39 36 35   (-1)
P U 76 74 73 71 68   (-1)
P U 44 47 48 51 53 54 55   (-1)
P U 48 46 43 41 38 37   (-1)
P U 90 89 86 83 82   (-1)
P U 59 57 56 55 52 51   (-1)
P U 34 31 30 28 27   (-1)
P U 39 36 35 32 31 28 27   (-1)
P U 84 86 87 90 93 95 98   (-1)
P U 95 92 91 88 85 84 81   (-1)
P U 23 25 28 30 31 34 36 39   (-1)
P U  7  8 11 13 15 18   (-1)
P U 80 77 74 71 68 66 64 63   (-1)
P U 36 33 30 27 26 25 24 23   (-1)
P U 96 94 93 90 89 87 85 82   (-1)
P U 18 16 13 11 10  8   (-1)
P U 80 77 75 74 71   (-1)
P U 82 80 79 78 77 74 73   (-1)
P U 18 17 16 13 12   (-1)
P U 91 88 87 85 83   (-1)
P U 41 43 46 48 49   (-1)
P U 74 72 69 68 66 65   (-1)
P U 59 62 65 68 69 71   (-1)
P U 44 46 47 50 51   (-1)
P U 59 60 63 66 69 70   (-1)
P U 26 25 24 21 18 15   (-1)
P U 40 38 35 34 31 30   (-1)
P U 84 87 90 93 96 98   (-1)
P U 39 42 44 46 47   (-1)
P U 22 25 26 27 30   (-1)
P U 14 11  9  8  7  4   (-1)
P U 81 84 85 87 90 91   (-1)
P U 98 97 96 94 92   (-1)
P U 79 76 73 70 67 64 62 61   (-1)
P U 80 81 83 85 88 91   (-1)
P U 91 88 87 86 83 82 80   (-1)
P U 51 54 57 60 62 64 67   (-1)
P U 34 32 29 27 25 23 22 21   (-1)
P U 62 60 58 57 54 53 52   (-1)
P U 16 19 22 24 27 29 32 35   (-1)
P U 26 23 21 20 18 16   (-1)
P U 15 14 11  8  6  3  2  1   (-1)
P U 49 46 43 42 41 40   (-1)
P U 52 54 57 59 61 62   (-1)
P U 87 85 84 81 78 75 72   (-1)
P U 77 76 74 71 70 69 67 65   (-1)
P U 77 74 71 70 69 67   (-1)
P U 66 68 70 73 74   (-1)
P U 15 13 11 10  9  7  6  5   (-1)
P U 52 55 56 58 60 62 65 66   (-1)
P U 80 78 75 73 70   (-1)
P U 88 89 90 93 95   (-1)
P U 76 74 71 70 68 67 66 64   (-1)
P U 87 84 82 80 78   (-1)
P U 76 75 74 73 72   (-1)
P U 73 74 76 79 80 83   (-1)
P U 41 38 37 34 31 28 27 26   (-1)
P U 17 18 20 22 24 25   (-1)
P U  9 11 12 15 18   (-1)
P U 29 31 33 35 38   (-1)
P U 99 97 95 93 90 87 85   (-1)
P U 91 88 85 82 80 79   (-1)
P U  9 12 13 14 16 18 20 21   (-1)
P U 84 81 79 78 77 75 74   (-1)
P U 21 19 17 16 15 12   (-1)
P U 67 65 64 62 59 57 56   (-1)
P U 68 71 73 75 76 78 79   (-1)
P U 68 70 72 73 74 76   (-1)
P U 33 30 27 24 23   (-1)
P U 22 25 28 30 32 34   (-1)
P U 15 18 21 23 26 29 30 32   (-1)
P U 73 70 69 66 64 61 58   (-1)
P U 83 82 79 78 75 74 71 70   (-1)
P U 76 75 73 70 67   (-1)
P U 49 52 55 58 60 63 64   (-1)
P U 33 34 35 38 41 43 44   (-1)
P U 52 51 48 45 44 42 39 37   (-1)
P U 91 92 93 95 97   (-1)
P U  8  9 11 12 13 15 18 19   (-1)
P U 64 63 60 59 56 54 52 51   (-1)
P U 63 61 58 56 54   (-1)
P U 18 16 13 11 10   (-1)
P U 69 66 63 62 59 58 55   (-1)
P U 19 18 15 13 12   (-1)
P U 58 59 61 63 66 68 69 72   (-1)
P U 23 26 29 32 34 37   (-1)
P U 28 26 24 22 19 17 16   (-1)
P U 66 69 72 74 75 76   (-1)
P U 20 23 25 26 28   (-1)
P U  3  4  5  8 10   (-1)
P U 60 57 55 52 51   (-1)
P U 15 18 19 20 21 22 25   (-1)
P U 46 49 51 53 56   (-1)
P U 58 56 54 51 50 47 46 43   (-1)
P U 60 63 64 67 68 71 74 76   (-1)
P U  4  7  9 12 14 15 18 20   (-1)
P U 29 32 34 35 38 40 43   (-1)
P U 21 19 18 16 14 12   (-1)
P U 83 82 80 78 76 73 72   (-1)
P U 64 66 69 71 74 75   (-1)
P U 12 14 15 17 20 22   (-1)
P U 76 75 73 70 67 64 63 62   (-1)
P U 32 31 30 27 26 23 22   (-1)
P U 61 64 66 67 69   (-1)
P U 98 96 94 91 88   (-1)
P U 44 42 40 38 36 35 33 31   (-1)
P U 37 36 34 33 32 30 28   (-1)
P U 25 27 29 31 33 36   (-1)
P U 78 75 72 70 69 66   (-1)
P U 47 44 42 41 40 37 35 32   (-1)
P U 71 69 66 64 61   (-1)
P U 16 15 14 12 11  9  8   (-1)
P U 93 90 89 87 85 84   (-1)
P U 49 52 53 56 58   (-1)
P U 40 38 37 34 32 29   (-1)
P U 97 95 94 91 90 88 87 85   (-1)
P U 67 68 70 72 75 76   (-1)
P U 35 32 31 28 25   (-1)
P U 85 86 87 90 93 95 96   (-1)
P U 41 40 38 37 35 32 29 28   (-1)
P U  6  7 10 12 15 18   (-1)
P U 86 89 90 91 94 96 99   (-1)
P U 50 52 53 56 59 62 65 68   (-1)
P U 50 51 54 55 58 60 62   (-1)
P U 73 72 70 67 64   (-1)
P U  7  9 11 12 14 17 18 19   (-1)
P U 24 26 27 28 29 32   (-1)
P U 78 75 73 70 68 66 64 62   (-1)
P U 79 82 84 87 89 90 91   (-1)
P U 46 44 41 38 37 35 33 31   (-1)
P U 25 23 21 18 15 14 13 12   (-1)
P U  4  6  9 12 15   (-1)
P U 94 91 88 85 82 79 78   (-1)
P U 15 13 12  9  7  4   (-1)
P U 69 68 66 64 61 59 58   (-1)
P U 40 43 46 47 49   (-1)
P U 80 83 84 86 88 90 91   (-1)
P U 53 50 49 48 47 44 43 41   (-1)
P U 68 69 70 72 73   (-1)
P U 56 55 54 52 49   (-1)
P U 35 38 39 40 41   (-1)
P U 44 41 38 35 33 30 29   (-1)
P U 32 35 37 39 40 43 46 48   (-1)
P U 16 15 14 11 10  9  6   (-1)
P U 10 11 13 15 18 19 20   (-1)
P U 37 40 42 45 48 49   (-1)
P U 21 19 18 15 12  9  7   (-1)
P U 68 70 73 76 79 80   (-1)
P U 70 67 64 61 60 57   (-1)
P U 49 52 54 56 58 61 63   (-1)
P U 91 88 85 82 81   (-1)
P U 23 22 21 19 17 15 13   (-1)
P U 72 73 75 77 78 80 81   (-1)
P U 73 72 71 70 68 66   (-1)
692
